(kicad_pcb (version 20171130) (host pcbnew "(5.0.2)-1")

  (general
    (thickness 1.6)
    (drawings 2)
    (tracks 1006)
    (zones 0)
    (modules 47)
    (nets 125)
  )

  (page A4)
  (layers
    (0 F.Cu signal)
    (31 B.Cu signal)
    (32 B.Adhes user)
    (33 F.Adhes user)
    (34 B.Paste user)
    (35 F.Paste user)
    (36 B.SilkS user)
    (37 F.SilkS user)
    (38 B.Mask user)
    (39 F.Mask user)
    (40 Dwgs.User user)
    (41 Cmts.User user)
    (42 Eco1.User user)
    (43 Eco2.User user)
    (44 Edge.Cuts user)
    (45 Margin user)
    (46 B.CrtYd user)
    (47 F.CrtYd user)
    (48 B.Fab user)
    (49 F.Fab user)
  )

  (setup
    (last_trace_width 0.2286)
    (user_trace_width 0.2286)
    (user_trace_width 0.254)
    (user_trace_width 0.381)
    (user_trace_width 0.762)
    (trace_clearance 0.1524)
    (zone_clearance 0.1524)
    (zone_45_only no)
    (trace_min 0.2)
    (segment_width 0.2)
    (edge_width 0.15)
    (via_size 0.8)
    (via_drill 0.4)
    (via_min_size 0.4)
    (via_min_drill 0.3)
    (uvia_size 0.3)
    (uvia_drill 0.1)
    (uvias_allowed no)
    (uvia_min_size 0.2)
    (uvia_min_drill 0.1)
    (pcb_text_width 0.3)
    (pcb_text_size 1.5 1.5)
    (mod_edge_width 0.15)
    (mod_text_size 1 1)
    (mod_text_width 0.15)
    (pad_size 1 0.23)
    (pad_drill 0)
    (pad_to_mask_clearance 0.051)
    (solder_mask_min_width 0.25)
    (aux_axis_origin 0 0)
    (visible_elements 7FFFFFFF)
    (pcbplotparams
      (layerselection 0x010fc_ffffffff)
      (usegerberextensions false)
      (usegerberattributes false)
      (usegerberadvancedattributes false)
      (creategerberjobfile false)
      (excludeedgelayer true)
      (linewidth 0.100000)
      (plotframeref false)
      (viasonmask false)
      (mode 1)
      (useauxorigin false)
      (hpglpennumber 1)
      (hpglpenspeed 20)
      (hpglpendiameter 15.000000)
      (psnegative false)
      (psa4output false)
      (plotreference true)
      (plotvalue true)
      (plotinvisibletext false)
      (padsonsilk false)
      (subtractmaskfromsilk false)
      (outputformat 1)
      (mirror false)
      (drillshape 1)
      (scaleselection 1)
      (outputdirectory ""))
  )

  (net 0 "")
  (net 1 GND)
  (net 2 +3V3)
  (net 3 "Net-(C8-Pad2)")
  (net 4 "Net-(C10-Pad2)")
  (net 5 "Net-(C11-Pad1)")
  (net 6 TMS)
  (net 7 TCK)
  (net 8 TDO)
  (net 9 RX0)
  (net 10 TDI)
  (net 11 TX0)
  (net 12 RST)
  (net 13 "Net-(J1-Pad1)")
  (net 14 "Net-(J1-Pad3)")
  (net 15 "Net-(J1-Pad4)")
  (net 16 "Net-(J1-Pad7)")
  (net 17 "Net-(J1-Pad6)")
  (net 18 "Net-(J1-Pad8)")
  (net 19 "Net-(J1-Pad9)")
  (net 20 Ethernet_Link)
  (net 21 "Net-(J1-Pad11)")
  (net 22 Ethernet_Activity)
  (net 23 A0)
  (net 24 A8)
  (net 25 A1)
  (net 26 A9)
  (net 27 A2)
  (net 28 A10)
  (net 29 A3)
  (net 30 A11)
  (net 31 A4)
  (net 32 A12)
  (net 33 A5)
  (net 34 A13)
  (net 35 A6)
  (net 36 A14)
  (net 37 A7)
  (net 38 A15)
  (net 39 RX7)
  (net 40 TX7)
  (net 41 RX6)
  (net 42 TX6)
  (net 43 RX5)
  (net 44 TX5)
  (net 45 RX4)
  (net 46 TX4)
  (net 47 RX3)
  (net 48 TX3)
  (net 49 RX2)
  (net 50 TX2)
  (net 51 RX1)
  (net 52 TX1)
  (net 53 "Net-(J4-Pad1)")
  (net 54 T2_A)
  (net 55 PWM1)
  (net 56 T2_B)
  (net 57 PWM2)
  (net 58 T3_A)
  (net 59 PWM3)
  (net 60 T3_B)
  (net 61 PWM4)
  (net 62 T4_A)
  (net 63 PWM5)
  (net 64 T4_B)
  (net 65 PWM6)
  (net 66 T5_A)
  (net 67 PWM7)
  (net 68 T5_B)
  (net 69 SDA0)
  (net 70 SCL0)
  (net 71 EN0RXI_N)
  (net 72 EN0RXI_P)
  (net 73 EN0TXO_N)
  (net 74 EN0TXO_P)
  (net 75 ~RST)
  (net 76 "Net-(R7-Pad2)")
  (net 77 "Net-(R8-Pad2)")
  (net 78 "Net-(R11-Pad2)")
  (net 79 "Net-(U2-Pad5)")
  (net 80 "Net-(U2-Pad6)")
  (net 81 "Net-(U2-Pad11)")
  (net 82 "Net-(U2-Pad20)")
  (net 83 "Net-(U2-Pad21)")
  (net 84 "Net-(U2-Pad27)")
  (net 85 "Net-(U2-Pad29)")
  (net 86 "Net-(U2-Pad30)")
  (net 87 "Net-(U2-Pad31)")
  (net 88 "Net-(U2-Pad32)")
  (net 89 "Net-(U2-Pad35)")
  (net 90 "Net-(U2-Pad36)")
  (net 91 "Net-(U2-Pad60)")
  (net 92 "Net-(U2-Pad61)")
  (net 93 "Net-(U2-Pad65)")
  (net 94 "Net-(U2-Pad81)")
  (net 95 "Net-(U2-Pad82)")
  (net 96 "Net-(U2-Pad83)")
  (net 97 "Net-(U2-Pad84)")
  (net 98 "Net-(U2-Pad85)")
  (net 99 "Net-(U2-Pad86)")
  (net 100 "Net-(U2-Pad93)")
  (net 101 "Net-(U2-Pad94)")
  (net 102 "Net-(U2-Pad102)")
  (net 103 "Net-(U2-Pad103)")
  (net 104 "Net-(U2-Pad104)")
  (net 105 "Net-(U2-Pad105)")
  (net 106 "Net-(U2-Pad106)")
  (net 107 "Net-(U2-Pad107)")
  (net 108 "Net-(U2-Pad108)")
  (net 109 "Net-(U2-Pad109)")
  (net 110 "Net-(U2-Pad110)")
  (net 111 "Net-(U2-Pad111)")
  (net 112 "Net-(U2-Pad112)")
  (net 113 "Net-(U2-Pad116)")
  (net 114 "Net-(U2-Pad117)")
  (net 115 "Net-(Y1-Pad2)")
  (net 116 "Net-(Y1-Pad4)")
  (net 117 /RST_In)
  (net 118 /OSC0)
  (net 119 /XOSC1)
  (net 120 /XOSC0)
  (net 121 /VBAT)
  (net 122 /OSC1)
  (net 123 /RBIAS)
  (net 124 /Wake)

  (net_class Default "This is the default net class."
    (clearance 0.1524)
    (trace_width 0.25)
    (via_dia 0.8)
    (via_drill 0.4)
    (uvia_dia 0.3)
    (uvia_drill 0.1)
    (add_net +3V3)
    (add_net /OSC0)
    (add_net /OSC1)
    (add_net /RBIAS)
    (add_net /RST_In)
    (add_net /VBAT)
    (add_net /Wake)
    (add_net /XOSC0)
    (add_net /XOSC1)
    (add_net A0)
    (add_net A1)
    (add_net A10)
    (add_net A11)
    (add_net A12)
    (add_net A13)
    (add_net A14)
    (add_net A15)
    (add_net A2)
    (add_net A3)
    (add_net A4)
    (add_net A5)
    (add_net A6)
    (add_net A7)
    (add_net A8)
    (add_net A9)
    (add_net EN0RXI_N)
    (add_net EN0RXI_P)
    (add_net EN0TXO_N)
    (add_net EN0TXO_P)
    (add_net Ethernet_Activity)
    (add_net Ethernet_Link)
    (add_net GND)
    (add_net "Net-(C10-Pad2)")
    (add_net "Net-(C11-Pad1)")
    (add_net "Net-(C8-Pad2)")
    (add_net "Net-(J1-Pad1)")
    (add_net "Net-(J1-Pad11)")
    (add_net "Net-(J1-Pad3)")
    (add_net "Net-(J1-Pad4)")
    (add_net "Net-(J1-Pad6)")
    (add_net "Net-(J1-Pad7)")
    (add_net "Net-(J1-Pad8)")
    (add_net "Net-(J1-Pad9)")
    (add_net "Net-(J4-Pad1)")
    (add_net "Net-(R11-Pad2)")
    (add_net "Net-(R7-Pad2)")
    (add_net "Net-(R8-Pad2)")
    (add_net "Net-(U2-Pad102)")
    (add_net "Net-(U2-Pad103)")
    (add_net "Net-(U2-Pad104)")
    (add_net "Net-(U2-Pad105)")
    (add_net "Net-(U2-Pad106)")
    (add_net "Net-(U2-Pad107)")
    (add_net "Net-(U2-Pad108)")
    (add_net "Net-(U2-Pad109)")
    (add_net "Net-(U2-Pad11)")
    (add_net "Net-(U2-Pad110)")
    (add_net "Net-(U2-Pad111)")
    (add_net "Net-(U2-Pad112)")
    (add_net "Net-(U2-Pad116)")
    (add_net "Net-(U2-Pad117)")
    (add_net "Net-(U2-Pad20)")
    (add_net "Net-(U2-Pad21)")
    (add_net "Net-(U2-Pad27)")
    (add_net "Net-(U2-Pad29)")
    (add_net "Net-(U2-Pad30)")
    (add_net "Net-(U2-Pad31)")
    (add_net "Net-(U2-Pad32)")
    (add_net "Net-(U2-Pad35)")
    (add_net "Net-(U2-Pad36)")
    (add_net "Net-(U2-Pad5)")
    (add_net "Net-(U2-Pad6)")
    (add_net "Net-(U2-Pad60)")
    (add_net "Net-(U2-Pad61)")
    (add_net "Net-(U2-Pad65)")
    (add_net "Net-(U2-Pad81)")
    (add_net "Net-(U2-Pad82)")
    (add_net "Net-(U2-Pad83)")
    (add_net "Net-(U2-Pad84)")
    (add_net "Net-(U2-Pad85)")
    (add_net "Net-(U2-Pad86)")
    (add_net "Net-(U2-Pad93)")
    (add_net "Net-(U2-Pad94)")
    (add_net "Net-(Y1-Pad2)")
    (add_net "Net-(Y1-Pad4)")
    (add_net PWM1)
    (add_net PWM2)
    (add_net PWM3)
    (add_net PWM4)
    (add_net PWM5)
    (add_net PWM6)
    (add_net PWM7)
    (add_net RST)
    (add_net RX0)
    (add_net RX1)
    (add_net RX2)
    (add_net RX3)
    (add_net RX4)
    (add_net RX5)
    (add_net RX6)
    (add_net RX7)
    (add_net SCL0)
    (add_net SDA0)
    (add_net T2_A)
    (add_net T2_B)
    (add_net T3_A)
    (add_net T3_B)
    (add_net T4_A)
    (add_net T4_B)
    (add_net T5_A)
    (add_net T5_B)
    (add_net TCK)
    (add_net TDI)
    (add_net TDO)
    (add_net TMS)
    (add_net TX0)
    (add_net TX1)
    (add_net TX2)
    (add_net TX3)
    (add_net TX4)
    (add_net TX5)
    (add_net TX6)
    (add_net TX7)
    (add_net ~RST)
  )

  (module Connector_PinHeader_2.54mm:PinHeader_2x08_P2.54mm_Vertical (layer F.Cu) (tedit 59FED5CC) (tstamp 5DD1EAC1)
    (at 162.56 30.48)
    (descr "Through hole straight pin header, 2x08, 2.54mm pitch, double rows")
    (tags "Through hole pin header THT 2x08 2.54mm double row")
    (path /5DDE6324)
    (fp_text reference J4 (at 1.27 -2.33) (layer F.SilkS)
      (effects (font (size 1 1) (thickness 0.15)))
    )
    (fp_text value Conn_02x08 (at 1.27 20.11) (layer F.Fab)
      (effects (font (size 1 1) (thickness 0.15)))
    )
    (fp_line (start 0 -1.27) (end 3.81 -1.27) (layer F.Fab) (width 0.1))
    (fp_line (start 3.81 -1.27) (end 3.81 19.05) (layer F.Fab) (width 0.1))
    (fp_line (start 3.81 19.05) (end -1.27 19.05) (layer F.Fab) (width 0.1))
    (fp_line (start -1.27 19.05) (end -1.27 0) (layer F.Fab) (width 0.1))
    (fp_line (start -1.27 0) (end 0 -1.27) (layer F.Fab) (width 0.1))
    (fp_line (start -1.33 19.11) (end 3.87 19.11) (layer F.SilkS) (width 0.12))
    (fp_line (start -1.33 1.27) (end -1.33 19.11) (layer F.SilkS) (width 0.12))
    (fp_line (start 3.87 -1.33) (end 3.87 19.11) (layer F.SilkS) (width 0.12))
    (fp_line (start -1.33 1.27) (end 1.27 1.27) (layer F.SilkS) (width 0.12))
    (fp_line (start 1.27 1.27) (end 1.27 -1.33) (layer F.SilkS) (width 0.12))
    (fp_line (start 1.27 -1.33) (end 3.87 -1.33) (layer F.SilkS) (width 0.12))
    (fp_line (start -1.33 0) (end -1.33 -1.33) (layer F.SilkS) (width 0.12))
    (fp_line (start -1.33 -1.33) (end 0 -1.33) (layer F.SilkS) (width 0.12))
    (fp_line (start -1.8 -1.8) (end -1.8 19.55) (layer F.CrtYd) (width 0.05))
    (fp_line (start -1.8 19.55) (end 4.35 19.55) (layer F.CrtYd) (width 0.05))
    (fp_line (start 4.35 19.55) (end 4.35 -1.8) (layer F.CrtYd) (width 0.05))
    (fp_line (start 4.35 -1.8) (end -1.8 -1.8) (layer F.CrtYd) (width 0.05))
    (fp_text user %R (at 1.27 8.89 90) (layer F.Fab)
      (effects (font (size 1 1) (thickness 0.15)))
    )
    (pad 1 thru_hole rect (at 0 0) (size 1.7 1.7) (drill 1) (layers *.Cu *.Mask)
      (net 53 "Net-(J4-Pad1)"))
    (pad 2 thru_hole oval (at 2.54 0) (size 1.7 1.7) (drill 1) (layers *.Cu *.Mask)
      (net 54 T2_A))
    (pad 3 thru_hole oval (at 0 2.54) (size 1.7 1.7) (drill 1) (layers *.Cu *.Mask)
      (net 55 PWM1))
    (pad 4 thru_hole oval (at 2.54 2.54) (size 1.7 1.7) (drill 1) (layers *.Cu *.Mask)
      (net 56 T2_B))
    (pad 5 thru_hole oval (at 0 5.08) (size 1.7 1.7) (drill 1) (layers *.Cu *.Mask)
      (net 57 PWM2))
    (pad 6 thru_hole oval (at 2.54 5.08) (size 1.7 1.7) (drill 1) (layers *.Cu *.Mask)
      (net 58 T3_A))
    (pad 7 thru_hole oval (at 0 7.62) (size 1.7 1.7) (drill 1) (layers *.Cu *.Mask)
      (net 59 PWM3))
    (pad 8 thru_hole oval (at 2.54 7.62) (size 1.7 1.7) (drill 1) (layers *.Cu *.Mask)
      (net 60 T3_B))
    (pad 9 thru_hole oval (at 0 10.16) (size 1.7 1.7) (drill 1) (layers *.Cu *.Mask)
      (net 61 PWM4))
    (pad 10 thru_hole oval (at 2.54 10.16) (size 1.7 1.7) (drill 1) (layers *.Cu *.Mask)
      (net 62 T4_A))
    (pad 11 thru_hole oval (at 0 12.7) (size 1.7 1.7) (drill 1) (layers *.Cu *.Mask)
      (net 63 PWM5))
    (pad 12 thru_hole oval (at 2.54 12.7) (size 1.7 1.7) (drill 1) (layers *.Cu *.Mask)
      (net 64 T4_B))
    (pad 13 thru_hole oval (at 0 15.24) (size 1.7 1.7) (drill 1) (layers *.Cu *.Mask)
      (net 65 PWM6))
    (pad 14 thru_hole oval (at 2.54 15.24) (size 1.7 1.7) (drill 1) (layers *.Cu *.Mask)
      (net 66 T5_A))
    (pad 15 thru_hole oval (at 0 17.78) (size 1.7 1.7) (drill 1) (layers *.Cu *.Mask)
      (net 67 PWM7))
    (pad 16 thru_hole oval (at 2.54 17.78) (size 1.7 1.7) (drill 1) (layers *.Cu *.Mask)
      (net 68 T5_B))
    (model ${KISYS3DMOD}/Connector_PinHeader_2.54mm.3dshapes/PinHeader_2x08_P2.54mm_Vertical.wrl
      (at (xyz 0 0 0))
      (scale (xyz 1 1 1))
      (rotate (xyz 0 0 0))
    )
  )

  (module Resistor_SMD:R_0603_1608Metric_Pad1.05x0.95mm_HandSolder (layer F.Cu) (tedit 5B301BBD) (tstamp 5DD40B1B)
    (at 141.845 48.006 180)
    (descr "Resistor SMD 0603 (1608 Metric), square (rectangular) end terminal, IPC_7351 nominal with elongated pad for handsoldering. (Body size source: http://www.tortai-tech.com/upload/download/2011102023233369053.pdf), generated with kicad-footprint-generator")
    (tags "resistor handsolder")
    (path /5DD671F3)
    (attr smd)
    (fp_text reference R15 (at 0 -1.43 180) (layer F.SilkS)
      (effects (font (size 1 1) (thickness 0.15)))
    )
    (fp_text value 51 (at 0 1.43 180) (layer F.Fab)
      (effects (font (size 1 1) (thickness 0.15)))
    )
    (fp_line (start -0.8 0.4) (end -0.8 -0.4) (layer F.Fab) (width 0.1))
    (fp_line (start -0.8 -0.4) (end 0.8 -0.4) (layer F.Fab) (width 0.1))
    (fp_line (start 0.8 -0.4) (end 0.8 0.4) (layer F.Fab) (width 0.1))
    (fp_line (start 0.8 0.4) (end -0.8 0.4) (layer F.Fab) (width 0.1))
    (fp_line (start -0.171267 -0.51) (end 0.171267 -0.51) (layer F.SilkS) (width 0.12))
    (fp_line (start -0.171267 0.51) (end 0.171267 0.51) (layer F.SilkS) (width 0.12))
    (fp_line (start -1.65 0.73) (end -1.65 -0.73) (layer F.CrtYd) (width 0.05))
    (fp_line (start -1.65 -0.73) (end 1.65 -0.73) (layer F.CrtYd) (width 0.05))
    (fp_line (start 1.65 -0.73) (end 1.65 0.73) (layer F.CrtYd) (width 0.05))
    (fp_line (start 1.65 0.73) (end -1.65 0.73) (layer F.CrtYd) (width 0.05))
    (fp_text user %R (at 0 0 180) (layer F.Fab)
      (effects (font (size 0.4 0.4) (thickness 0.06)))
    )
    (pad 1 smd roundrect (at -0.875 0 180) (size 1.05 0.95) (layers F.Cu F.Paste F.Mask) (roundrect_rratio 0.25)
      (net 2 +3V3))
    (pad 2 smd roundrect (at 0.875 0 180) (size 1.05 0.95) (layers F.Cu F.Paste F.Mask) (roundrect_rratio 0.25)
      (net 121 /VBAT))
    (model ${KISYS3DMOD}/Resistor_SMD.3dshapes/R_0603_1608Metric.wrl
      (at (xyz 0 0 0))
      (scale (xyz 1 1 1))
      (rotate (xyz 0 0 0))
    )
  )

  (module Capacitor_SMD:C_0603_1608Metric_Pad1.05x0.95mm_HandSolder (layer F.Cu) (tedit 5B301BBE) (tstamp 5DD40A76)
    (at 141.845 46.228 180)
    (descr "Capacitor SMD 0603 (1608 Metric), square (rectangular) end terminal, IPC_7351 nominal with elongated pad for handsoldering. (Body size source: http://www.tortai-tech.com/upload/download/2011102023233369053.pdf), generated with kicad-footprint-generator")
    (tags "capacitor handsolder")
    (path /5DD545D0)
    (attr smd)
    (fp_text reference C13 (at 0 -1.43 180) (layer F.SilkS)
      (effects (font (size 1 1) (thickness 0.15)))
    )
    (fp_text value .1u (at 0 1.43 180) (layer F.Fab)
      (effects (font (size 1 1) (thickness 0.15)))
    )
    (fp_line (start -0.8 0.4) (end -0.8 -0.4) (layer F.Fab) (width 0.1))
    (fp_line (start -0.8 -0.4) (end 0.8 -0.4) (layer F.Fab) (width 0.1))
    (fp_line (start 0.8 -0.4) (end 0.8 0.4) (layer F.Fab) (width 0.1))
    (fp_line (start 0.8 0.4) (end -0.8 0.4) (layer F.Fab) (width 0.1))
    (fp_line (start -0.171267 -0.51) (end 0.171267 -0.51) (layer F.SilkS) (width 0.12))
    (fp_line (start -0.171267 0.51) (end 0.171267 0.51) (layer F.SilkS) (width 0.12))
    (fp_line (start -1.65 0.73) (end -1.65 -0.73) (layer F.CrtYd) (width 0.05))
    (fp_line (start -1.65 -0.73) (end 1.65 -0.73) (layer F.CrtYd) (width 0.05))
    (fp_line (start 1.65 -0.73) (end 1.65 0.73) (layer F.CrtYd) (width 0.05))
    (fp_line (start 1.65 0.73) (end -1.65 0.73) (layer F.CrtYd) (width 0.05))
    (fp_text user %R (at 0 0 180) (layer F.Fab)
      (effects (font (size 0.4 0.4) (thickness 0.06)))
    )
    (pad 1 smd roundrect (at -0.875 0 180) (size 1.05 0.95) (layers F.Cu F.Paste F.Mask) (roundrect_rratio 0.25)
      (net 1 GND))
    (pad 2 smd roundrect (at 0.875 0 180) (size 1.05 0.95) (layers F.Cu F.Paste F.Mask) (roundrect_rratio 0.25)
      (net 121 /VBAT))
    (model ${KISYS3DMOD}/Capacitor_SMD.3dshapes/C_0603_1608Metric.wrl
      (at (xyz 0 0 0))
      (scale (xyz 1 1 1))
      (rotate (xyz 0 0 0))
    )
  )

  (module MRDT_Devices:ABS25 (layer F.Cu) (tedit 5DCF5244) (tstamp 5DD411AE)
    (at 141.732 53.086 270)
    (path /5DFE06DF)
    (fp_text reference Y2 (at 2.794 4.318 270) (layer F.SilkS)
      (effects (font (size 1 1) (thickness 0.15)))
    )
    (fp_text value "Crystal 32K SMD" (at 2.794 1.524 270) (layer F.Fab)
      (effects (font (size 1 1) (thickness 0.15)))
    )
    (fp_line (start -4.0005 -1.8415) (end -4.0005 1.9685) (layer F.SilkS) (width 0.15))
    (fp_line (start -4.0005 -1.8415) (end 4.0005 -1.8415) (layer F.SilkS) (width 0.15))
    (fp_line (start -4.0005 1.9685) (end 4.0005 1.9685) (layer F.SilkS) (width 0.15))
    (fp_line (start 4.0005 -1.8415) (end 4.0005 1.9685) (layer F.SilkS) (width 0.15))
    (pad 2 smd rect (at -2.794 -1.524 270) (size 1.27 1.905) (layers F.Cu F.Paste F.Mask)
      (net 119 /XOSC1))
    (pad "" smd rect (at 2.794 -1.524 270) (size 1.27 1.905) (layers F.Cu F.Paste F.Mask))
    (pad 1 smd rect (at -2.794 1.651 270) (size 1.27 1.905) (layers F.Cu F.Paste F.Mask)
      (net 120 /XOSC0))
    (pad "" smd rect (at 2.794 1.651 270) (size 1.27 1.905) (layers F.Cu F.Paste F.Mask))
  )

  (module Resistor_SMD:R_0603_1608Metric_Pad1.05x0.95mm_HandSolder (layer F.Cu) (tedit 5B301BBD) (tstamp 5DD3D3FB)
    (at 124.093 70.104)
    (descr "Resistor SMD 0603 (1608 Metric), square (rectangular) end terminal, IPC_7351 nominal with elongated pad for handsoldering. (Body size source: http://www.tortai-tech.com/upload/download/2011102023233369053.pdf), generated with kicad-footprint-generator")
    (tags "resistor handsolder")
    (path /5E2A6FCC)
    (attr smd)
    (fp_text reference R1 (at 0 -1.43) (layer F.SilkS)
      (effects (font (size 1 1) (thickness 0.15)))
    )
    (fp_text value 49.9 (at 0 1.43) (layer F.Fab)
      (effects (font (size 1 1) (thickness 0.15)))
    )
    (fp_text user %R (at 0 0) (layer F.Fab)
      (effects (font (size 0.4 0.4) (thickness 0.06)))
    )
    (fp_line (start 1.65 0.73) (end -1.65 0.73) (layer F.CrtYd) (width 0.05))
    (fp_line (start 1.65 -0.73) (end 1.65 0.73) (layer F.CrtYd) (width 0.05))
    (fp_line (start -1.65 -0.73) (end 1.65 -0.73) (layer F.CrtYd) (width 0.05))
    (fp_line (start -1.65 0.73) (end -1.65 -0.73) (layer F.CrtYd) (width 0.05))
    (fp_line (start -0.171267 0.51) (end 0.171267 0.51) (layer F.SilkS) (width 0.12))
    (fp_line (start -0.171267 -0.51) (end 0.171267 -0.51) (layer F.SilkS) (width 0.12))
    (fp_line (start 0.8 0.4) (end -0.8 0.4) (layer F.Fab) (width 0.1))
    (fp_line (start 0.8 -0.4) (end 0.8 0.4) (layer F.Fab) (width 0.1))
    (fp_line (start -0.8 -0.4) (end 0.8 -0.4) (layer F.Fab) (width 0.1))
    (fp_line (start -0.8 0.4) (end -0.8 -0.4) (layer F.Fab) (width 0.1))
    (pad 2 smd roundrect (at 0.875 0) (size 1.05 0.95) (layers F.Cu F.Paste F.Mask) (roundrect_rratio 0.25)
      (net 71 EN0RXI_N))
    (pad 1 smd roundrect (at -0.875 0) (size 1.05 0.95) (layers F.Cu F.Paste F.Mask) (roundrect_rratio 0.25)
      (net 2 +3V3))
    (model ${KISYS3DMOD}/Resistor_SMD.3dshapes/R_0603_1608Metric.wrl
      (at (xyz 0 0 0))
      (scale (xyz 1 1 1))
      (rotate (xyz 0 0 0))
    )
  )

  (module Resistor_SMD:R_0603_1608Metric_Pad1.05x0.95mm_HandSolder (layer F.Cu) (tedit 5B301BBD) (tstamp 5DD3D36B)
    (at 124.093 72.136)
    (descr "Resistor SMD 0603 (1608 Metric), square (rectangular) end terminal, IPC_7351 nominal with elongated pad for handsoldering. (Body size source: http://www.tortai-tech.com/upload/download/2011102023233369053.pdf), generated with kicad-footprint-generator")
    (tags "resistor handsolder")
    (path /5E2A71C4)
    (attr smd)
    (fp_text reference R2 (at 0 -1.43) (layer F.SilkS)
      (effects (font (size 1 1) (thickness 0.15)))
    )
    (fp_text value 49.9 (at 0 1.43) (layer F.Fab)
      (effects (font (size 1 1) (thickness 0.15)))
    )
    (fp_line (start -0.8 0.4) (end -0.8 -0.4) (layer F.Fab) (width 0.1))
    (fp_line (start -0.8 -0.4) (end 0.8 -0.4) (layer F.Fab) (width 0.1))
    (fp_line (start 0.8 -0.4) (end 0.8 0.4) (layer F.Fab) (width 0.1))
    (fp_line (start 0.8 0.4) (end -0.8 0.4) (layer F.Fab) (width 0.1))
    (fp_line (start -0.171267 -0.51) (end 0.171267 -0.51) (layer F.SilkS) (width 0.12))
    (fp_line (start -0.171267 0.51) (end 0.171267 0.51) (layer F.SilkS) (width 0.12))
    (fp_line (start -1.65 0.73) (end -1.65 -0.73) (layer F.CrtYd) (width 0.05))
    (fp_line (start -1.65 -0.73) (end 1.65 -0.73) (layer F.CrtYd) (width 0.05))
    (fp_line (start 1.65 -0.73) (end 1.65 0.73) (layer F.CrtYd) (width 0.05))
    (fp_line (start 1.65 0.73) (end -1.65 0.73) (layer F.CrtYd) (width 0.05))
    (fp_text user %R (at 0 0) (layer F.Fab)
      (effects (font (size 0.4 0.4) (thickness 0.06)))
    )
    (pad 1 smd roundrect (at -0.875 0) (size 1.05 0.95) (layers F.Cu F.Paste F.Mask) (roundrect_rratio 0.25)
      (net 2 +3V3))
    (pad 2 smd roundrect (at 0.875 0) (size 1.05 0.95) (layers F.Cu F.Paste F.Mask) (roundrect_rratio 0.25)
      (net 72 EN0RXI_P))
    (model ${KISYS3DMOD}/Resistor_SMD.3dshapes/R_0603_1608Metric.wrl
      (at (xyz 0 0 0))
      (scale (xyz 1 1 1))
      (rotate (xyz 0 0 0))
    )
  )

  (module Capacitor_SMD:C_0603_1608Metric_Pad1.05x0.95mm_HandSolder (layer F.Cu) (tedit 5B301BBE) (tstamp 5DD3D2D8)
    (at 120.283 72.136 180)
    (descr "Capacitor SMD 0603 (1608 Metric), square (rectangular) end terminal, IPC_7351 nominal with elongated pad for handsoldering. (Body size source: http://www.tortai-tech.com/upload/download/2011102023233369053.pdf), generated with kicad-footprint-generator")
    (tags "capacitor handsolder")
    (path /5E3B61BB)
    (attr smd)
    (fp_text reference C2 (at 0 -1.43 180) (layer F.SilkS)
      (effects (font (size 1 1) (thickness 0.15)))
    )
    (fp_text value .1u (at 0 1.43 180) (layer F.Fab)
      (effects (font (size 1 1) (thickness 0.15)))
    )
    (fp_line (start -0.8 0.4) (end -0.8 -0.4) (layer F.Fab) (width 0.1))
    (fp_line (start -0.8 -0.4) (end 0.8 -0.4) (layer F.Fab) (width 0.1))
    (fp_line (start 0.8 -0.4) (end 0.8 0.4) (layer F.Fab) (width 0.1))
    (fp_line (start 0.8 0.4) (end -0.8 0.4) (layer F.Fab) (width 0.1))
    (fp_line (start -0.171267 -0.51) (end 0.171267 -0.51) (layer F.SilkS) (width 0.12))
    (fp_line (start -0.171267 0.51) (end 0.171267 0.51) (layer F.SilkS) (width 0.12))
    (fp_line (start -1.65 0.73) (end -1.65 -0.73) (layer F.CrtYd) (width 0.05))
    (fp_line (start -1.65 -0.73) (end 1.65 -0.73) (layer F.CrtYd) (width 0.05))
    (fp_line (start 1.65 -0.73) (end 1.65 0.73) (layer F.CrtYd) (width 0.05))
    (fp_line (start 1.65 0.73) (end -1.65 0.73) (layer F.CrtYd) (width 0.05))
    (fp_text user %R (at 0 0 180) (layer F.Fab)
      (effects (font (size 0.4 0.4) (thickness 0.06)))
    )
    (pad 1 smd roundrect (at -0.875 0 180) (size 1.05 0.95) (layers F.Cu F.Paste F.Mask) (roundrect_rratio 0.25)
      (net 2 +3V3))
    (pad 2 smd roundrect (at 0.875 0 180) (size 1.05 0.95) (layers F.Cu F.Paste F.Mask) (roundrect_rratio 0.25)
      (net 1 GND))
    (model ${KISYS3DMOD}/Capacitor_SMD.3dshapes/C_0603_1608Metric.wrl
      (at (xyz 0 0 0))
      (scale (xyz 1 1 1))
      (rotate (xyz 0 0 0))
    )
  )

  (module Capacitor_SMD:C_0603_1608Metric_Pad1.05x0.95mm_HandSolder (layer F.Cu) (tedit 5B301BBE) (tstamp 5DD3D278)
    (at 120.283 70.104 180)
    (descr "Capacitor SMD 0603 (1608 Metric), square (rectangular) end terminal, IPC_7351 nominal with elongated pad for handsoldering. (Body size source: http://www.tortai-tech.com/upload/download/2011102023233369053.pdf), generated with kicad-footprint-generator")
    (tags "capacitor handsolder")
    (path /5E3B6215)
    (attr smd)
    (fp_text reference C1 (at 0 -1.43 180) (layer F.SilkS)
      (effects (font (size 1 1) (thickness 0.15)))
    )
    (fp_text value .1u (at 0 1.43 180) (layer F.Fab)
      (effects (font (size 1 1) (thickness 0.15)))
    )
    (fp_text user %R (at 0 0 180) (layer F.Fab)
      (effects (font (size 0.4 0.4) (thickness 0.06)))
    )
    (fp_line (start 1.65 0.73) (end -1.65 0.73) (layer F.CrtYd) (width 0.05))
    (fp_line (start 1.65 -0.73) (end 1.65 0.73) (layer F.CrtYd) (width 0.05))
    (fp_line (start -1.65 -0.73) (end 1.65 -0.73) (layer F.CrtYd) (width 0.05))
    (fp_line (start -1.65 0.73) (end -1.65 -0.73) (layer F.CrtYd) (width 0.05))
    (fp_line (start -0.171267 0.51) (end 0.171267 0.51) (layer F.SilkS) (width 0.12))
    (fp_line (start -0.171267 -0.51) (end 0.171267 -0.51) (layer F.SilkS) (width 0.12))
    (fp_line (start 0.8 0.4) (end -0.8 0.4) (layer F.Fab) (width 0.1))
    (fp_line (start 0.8 -0.4) (end 0.8 0.4) (layer F.Fab) (width 0.1))
    (fp_line (start -0.8 -0.4) (end 0.8 -0.4) (layer F.Fab) (width 0.1))
    (fp_line (start -0.8 0.4) (end -0.8 -0.4) (layer F.Fab) (width 0.1))
    (pad 2 smd roundrect (at 0.875 0 180) (size 1.05 0.95) (layers F.Cu F.Paste F.Mask) (roundrect_rratio 0.25)
      (net 1 GND))
    (pad 1 smd roundrect (at -0.875 0 180) (size 1.05 0.95) (layers F.Cu F.Paste F.Mask) (roundrect_rratio 0.25)
      (net 2 +3V3))
    (model ${KISYS3DMOD}/Capacitor_SMD.3dshapes/C_0603_1608Metric.wrl
      (at (xyz 0 0 0))
      (scale (xyz 1 1 1))
      (rotate (xyz 0 0 0))
    )
  )

  (module MRDT_Devices:HX1198FNL (layer F.Cu) (tedit 5DC8730A) (tstamp 5DD3D32B)
    (at 144.272 74.549 90)
    (path /5E27C9B2)
    (fp_text reference U1 (at 10.668 1.4224 90) (layer F.SilkS)
      (effects (font (size 1 1) (thickness 0.15)))
    )
    (fp_text value HX1198FNL (at 6.604 -6.858 90) (layer F.Fab)
      (effects (font (size 1 1) (thickness 0.15)))
    )
    (fp_line (start 12.7 -8.3312) (end 12.7 0) (layer F.SilkS) (width 0.15))
    (fp_line (start 0 -9.0932) (end 11.938 -9.0932) (layer F.SilkS) (width 0.15))
    (fp_line (start 0 0) (end 12.7 0) (layer F.SilkS) (width 0.15))
    (fp_line (start 0 -9.0932) (end 0 0) (layer F.SilkS) (width 0.15))
    (fp_line (start 11.938 -9.0932) (end 12.7 -8.3312) (layer F.SilkS) (width 0.15))
    (pad 1 smd rect (at 10.795 -8.763 90) (size 0.762 1.651) (layers F.Cu F.Paste F.Mask)
      (net 71 EN0RXI_N))
    (pad 2 smd rect (at 9.525 -8.763 90) (size 0.762 1.651) (layers F.Cu F.Paste F.Mask)
      (net 2 +3V3))
    (pad 3 smd rect (at 8.255 -8.763 90) (size 0.762 1.651) (layers F.Cu F.Paste F.Mask)
      (net 72 EN0RXI_P))
    (pad 4 smd rect (at 6.985 -8.763 90) (size 0.762 1.651) (layers F.Cu F.Paste F.Mask))
    (pad 5 smd rect (at 5.715 -8.763 90) (size 0.762 1.651) (layers F.Cu F.Paste F.Mask))
    (pad 6 smd rect (at 4.445 -8.763 90) (size 0.762 1.651) (layers F.Cu F.Paste F.Mask)
      (net 73 EN0TXO_N))
    (pad 7 smd rect (at 3.175 -8.763 90) (size 0.762 1.651) (layers F.Cu F.Paste F.Mask)
      (net 2 +3V3))
    (pad 8 smd rect (at 1.905 -8.763 90) (size 0.762 1.651) (layers F.Cu F.Paste F.Mask)
      (net 74 EN0TXO_P))
    (pad 9 smd rect (at 1.905 -0.254 90) (size 0.762 1.651) (layers F.Cu F.Paste F.Mask)
      (net 14 "Net-(J1-Pad3)"))
    (pad 10 smd rect (at 3.175 -0.254 90) (size 0.762 1.651) (layers F.Cu F.Paste F.Mask)
      (net 77 "Net-(R8-Pad2)"))
    (pad 11 smd rect (at 4.445 -0.254 90) (size 0.762 1.651) (layers F.Cu F.Paste F.Mask)
      (net 17 "Net-(J1-Pad6)"))
    (pad 12 smd rect (at 5.715 -0.254 90) (size 0.762 1.651) (layers F.Cu F.Paste F.Mask))
    (pad 13 smd rect (at 6.985 -0.254 90) (size 0.762 1.651) (layers F.Cu F.Paste F.Mask))
    (pad 14 smd rect (at 8.255 -0.254 90) (size 0.762 1.651) (layers F.Cu F.Paste F.Mask)
      (net 16 "Net-(J1-Pad7)"))
    (pad 15 smd rect (at 9.525 -0.254 90) (size 0.762 1.651) (layers F.Cu F.Paste F.Mask)
      (net 76 "Net-(R7-Pad2)"))
    (pad 16 smd rect (at 10.795 -0.254 90) (size 0.762 1.651) (layers F.Cu F.Paste F.Mask)
      (net 18 "Net-(J1-Pad8)"))
  )

  (module Resistor_SMD:R_0603_1608Metric_Pad1.05x0.95mm_HandSolder (layer F.Cu) (tedit 5B301BBD) (tstamp 5DD3AB84)
    (at 149.493 57.15)
    (descr "Resistor SMD 0603 (1608 Metric), square (rectangular) end terminal, IPC_7351 nominal with elongated pad for handsoldering. (Body size source: http://www.tortai-tech.com/upload/download/2011102023233369053.pdf), generated with kicad-footprint-generator")
    (tags "resistor handsolder")
    (path /5E61F994)
    (attr smd)
    (fp_text reference R9 (at -2.935 0) (layer F.SilkS)
      (effects (font (size 1 1) (thickness 0.15)))
    )
    (fp_text value 75 (at 0 1.43) (layer F.Fab)
      (effects (font (size 1 1) (thickness 0.15)))
    )
    (fp_text user %R (at 0 0) (layer F.Fab)
      (effects (font (size 0.4 0.4) (thickness 0.06)))
    )
    (fp_line (start 1.65 0.73) (end -1.65 0.73) (layer F.CrtYd) (width 0.05))
    (fp_line (start 1.65 -0.73) (end 1.65 0.73) (layer F.CrtYd) (width 0.05))
    (fp_line (start -1.65 -0.73) (end 1.65 -0.73) (layer F.CrtYd) (width 0.05))
    (fp_line (start -1.65 0.73) (end -1.65 -0.73) (layer F.CrtYd) (width 0.05))
    (fp_line (start -0.171267 0.51) (end 0.171267 0.51) (layer F.SilkS) (width 0.12))
    (fp_line (start -0.171267 -0.51) (end 0.171267 -0.51) (layer F.SilkS) (width 0.12))
    (fp_line (start 0.8 0.4) (end -0.8 0.4) (layer F.Fab) (width 0.1))
    (fp_line (start 0.8 -0.4) (end 0.8 0.4) (layer F.Fab) (width 0.1))
    (fp_line (start -0.8 -0.4) (end 0.8 -0.4) (layer F.Fab) (width 0.1))
    (fp_line (start -0.8 0.4) (end -0.8 -0.4) (layer F.Fab) (width 0.1))
    (pad 2 smd roundrect (at 0.875 0) (size 1.05 0.95) (layers F.Cu F.Paste F.Mask) (roundrect_rratio 0.25)
      (net 15 "Net-(J1-Pad4)"))
    (pad 1 smd roundrect (at -0.875 0) (size 1.05 0.95) (layers F.Cu F.Paste F.Mask) (roundrect_rratio 0.25)
      (net 3 "Net-(C8-Pad2)"))
    (model ${KISYS3DMOD}/Resistor_SMD.3dshapes/R_0603_1608Metric.wrl
      (at (xyz 0 0 0))
      (scale (xyz 1 1 1))
      (rotate (xyz 0 0 0))
    )
  )

  (module Connector_RJ:RJ45_Amphenol_RJHSE538X (layer F.Cu) (tedit 5AD3662E) (tstamp 5DD3AC2A)
    (at 159.768 55.114 270)
    (descr "Shielded, 2 LED, https://www.amphenolcanada.com/ProductSearch/drawings/AC/RJHSE538X.pdf")
    (tags "RJ45 8p8c ethernet cat5")
    (path /5E61EA11)
    (fp_text reference J1 (at 3.56 -9.5 270) (layer F.SilkS)
      (effects (font (size 1 1) (thickness 0.15)))
    )
    (fp_text value RJ45 (at 3.56 9.5 270) (layer F.Fab)
      (effects (font (size 1 1) (thickness 0.15)))
    )
    (fp_line (start -5.5 -1) (end -5 -0.5) (layer F.SilkS) (width 0.12))
    (fp_line (start -5.5 0) (end -5.5 -1) (layer F.SilkS) (width 0.12))
    (fp_line (start -5 -0.5) (end -5.5 0) (layer F.SilkS) (width 0.12))
    (fp_text user %R (at 3.56 -6 270) (layer F.Fab)
      (effects (font (size 1 1) (thickness 0.15)))
    )
    (fp_line (start 13.19 -8.5) (end 13.19 8.25) (layer F.CrtYd) (width 0.05))
    (fp_line (start -6.07 8.25) (end 13.19 8.25) (layer F.CrtYd) (width 0.05))
    (fp_line (start -6.07 -8.5) (end -6.07 8.25) (layer F.CrtYd) (width 0.05))
    (fp_line (start -6.07 -8.5) (end 13.19 -8.5) (layer F.CrtYd) (width 0.05))
    (fp_line (start -4.695 -7) (end -3.695 -8) (layer F.Fab) (width 0.1))
    (fp_line (start 11.88 7.815) (end 11.88 2.14) (layer F.SilkS) (width 0.12))
    (fp_line (start -4.76 7.815) (end -4.76 2.14) (layer F.SilkS) (width 0.12))
    (fp_line (start -4.76 7.815) (end 11.88 7.815) (layer F.SilkS) (width 0.12))
    (fp_line (start 11.88 -8.065) (end 11.88 -0.36) (layer F.SilkS) (width 0.12))
    (fp_line (start -4.76 -8.065) (end -4.76 -0.36) (layer F.SilkS) (width 0.12))
    (fp_line (start -4.76 -8.065) (end 11.88 -8.065) (layer F.SilkS) (width 0.12))
    (fp_line (start 11.815 -8) (end 11.815 7.75) (layer F.Fab) (width 0.1))
    (fp_line (start -3.695 -8) (end 11.815 -8) (layer F.Fab) (width 0.1))
    (fp_line (start -4.695 7.75) (end 11.815 7.75) (layer F.Fab) (width 0.1))
    (fp_line (start -4.695 -7) (end -4.695 7.75) (layer F.Fab) (width 0.1))
    (pad 12 thru_hole circle (at 10.42 6.6 270) (size 1.5 1.5) (drill 0.89) (layers *.Cu *.Mask)
      (net 22 Ethernet_Activity))
    (pad 11 thru_hole circle (at 8.13 6.6 270) (size 1.5 1.5) (drill 0.89) (layers *.Cu *.Mask)
      (net 21 "Net-(J1-Pad11)"))
    (pad 10 thru_hole circle (at -1.01 6.6 270) (size 1.5 1.5) (drill 0.89) (layers *.Cu *.Mask)
      (net 20 Ethernet_Link))
    (pad 9 thru_hole circle (at -3.3 6.6 270) (size 1.5 1.5) (drill 0.89) (layers *.Cu *.Mask)
      (net 19 "Net-(J1-Pad9)"))
    (pad SH thru_hole circle (at -4.57 0.89 270) (size 2 2) (drill 1.57) (layers *.Cu *.Mask))
    (pad SH thru_hole circle (at 11.69 0.89 270) (size 2 2) (drill 1.57) (layers *.Cu *.Mask))
    (pad "" np_thru_hole circle (at 9.91 -2.54 270) (size 3.25 3.25) (drill 3.25) (layers *.Cu *.Mask))
    (pad "" np_thru_hole circle (at -2.79 -2.54 270) (size 3.25 3.25) (drill 3.25) (layers *.Cu *.Mask))
    (pad 8 thru_hole circle (at 7.14 1.78 270) (size 1.5 1.5) (drill 0.89) (layers *.Cu *.Mask)
      (net 18 "Net-(J1-Pad8)"))
    (pad 6 thru_hole circle (at 5.1 1.78 270) (size 1.5 1.5) (drill 0.89) (layers *.Cu *.Mask)
      (net 17 "Net-(J1-Pad6)"))
    (pad 4 thru_hole circle (at 3.06 1.78 270) (size 1.5 1.5) (drill 0.89) (layers *.Cu *.Mask)
      (net 15 "Net-(J1-Pad4)"))
    (pad 2 thru_hole circle (at 1.02 1.78 270) (size 1.5 1.5) (drill 0.89) (layers *.Cu *.Mask)
      (net 13 "Net-(J1-Pad1)"))
    (pad 7 thru_hole circle (at 6.12 0 270) (size 1.5 1.5) (drill 0.89) (layers *.Cu *.Mask)
      (net 16 "Net-(J1-Pad7)"))
    (pad 5 thru_hole circle (at 4.08 0 270) (size 1.5 1.5) (drill 0.89) (layers *.Cu *.Mask)
      (net 15 "Net-(J1-Pad4)"))
    (pad 3 thru_hole circle (at 2.04 0 270) (size 1.5 1.5) (drill 0.89) (layers *.Cu *.Mask)
      (net 14 "Net-(J1-Pad3)"))
    (pad 1 thru_hole rect (at 0 0 270) (size 1.5 1.5) (drill 0.89) (layers *.Cu *.Mask)
      (net 13 "Net-(J1-Pad1)"))
    (model ${KISYS3DMOD}/Connector_RJ.3dshapes/RJ45_Amphenol_RJHSE538X.wrl
      (at (xyz 0 0 0))
      (scale (xyz 1 1 1))
      (rotate (xyz 0 0 0))
    )
  )

  (module Resistor_SMD:R_0603_1608Metric_Pad1.05x0.95mm_HandSolder (layer F.Cu) (tedit 5B301BBD) (tstamp 5DD3ABE4)
    (at 149.493 53.086 180)
    (descr "Resistor SMD 0603 (1608 Metric), square (rectangular) end terminal, IPC_7351 nominal with elongated pad for handsoldering. (Body size source: http://www.tortai-tech.com/upload/download/2011102023233369053.pdf), generated with kicad-footprint-generator")
    (tags "resistor handsolder")
    (path /5E5351AC)
    (attr smd)
    (fp_text reference R7 (at 0 -1.43 180) (layer F.SilkS)
      (effects (font (size 1 1) (thickness 0.15)))
    )
    (fp_text value 75 (at 0 1.43 180) (layer F.Fab)
      (effects (font (size 1 1) (thickness 0.15)))
    )
    (fp_line (start -0.8 0.4) (end -0.8 -0.4) (layer F.Fab) (width 0.1))
    (fp_line (start -0.8 -0.4) (end 0.8 -0.4) (layer F.Fab) (width 0.1))
    (fp_line (start 0.8 -0.4) (end 0.8 0.4) (layer F.Fab) (width 0.1))
    (fp_line (start 0.8 0.4) (end -0.8 0.4) (layer F.Fab) (width 0.1))
    (fp_line (start -0.171267 -0.51) (end 0.171267 -0.51) (layer F.SilkS) (width 0.12))
    (fp_line (start -0.171267 0.51) (end 0.171267 0.51) (layer F.SilkS) (width 0.12))
    (fp_line (start -1.65 0.73) (end -1.65 -0.73) (layer F.CrtYd) (width 0.05))
    (fp_line (start -1.65 -0.73) (end 1.65 -0.73) (layer F.CrtYd) (width 0.05))
    (fp_line (start 1.65 -0.73) (end 1.65 0.73) (layer F.CrtYd) (width 0.05))
    (fp_line (start 1.65 0.73) (end -1.65 0.73) (layer F.CrtYd) (width 0.05))
    (fp_text user %R (at 0 0 180) (layer F.Fab)
      (effects (font (size 0.4 0.4) (thickness 0.06)))
    )
    (pad 1 smd roundrect (at -0.875 0 180) (size 1.05 0.95) (layers F.Cu F.Paste F.Mask) (roundrect_rratio 0.25)
      (net 3 "Net-(C8-Pad2)"))
    (pad 2 smd roundrect (at 0.875 0 180) (size 1.05 0.95) (layers F.Cu F.Paste F.Mask) (roundrect_rratio 0.25)
      (net 76 "Net-(R7-Pad2)"))
    (model ${KISYS3DMOD}/Resistor_SMD.3dshapes/R_0603_1608Metric.wrl
      (at (xyz 0 0 0))
      (scale (xyz 1 1 1))
      (rotate (xyz 0 0 0))
    )
  )

  (module Resistor_SMD:R_0603_1608Metric_Pad1.05x0.95mm_HandSolder (layer F.Cu) (tedit 5B301BBD) (tstamp 5DD3ABB4)
    (at 149.493 59.182)
    (descr "Resistor SMD 0603 (1608 Metric), square (rectangular) end terminal, IPC_7351 nominal with elongated pad for handsoldering. (Body size source: http://www.tortai-tech.com/upload/download/2011102023233369053.pdf), generated with kicad-footprint-generator")
    (tags "resistor handsolder")
    (path /5E535546)
    (attr smd)
    (fp_text reference R8 (at 0 -1.43) (layer F.SilkS)
      (effects (font (size 1 1) (thickness 0.15)))
    )
    (fp_text value 75 (at 0 1.43) (layer F.Fab)
      (effects (font (size 1 1) (thickness 0.15)))
    )
    (fp_text user %R (at 0 0) (layer F.Fab)
      (effects (font (size 0.4 0.4) (thickness 0.06)))
    )
    (fp_line (start 1.65 0.73) (end -1.65 0.73) (layer F.CrtYd) (width 0.05))
    (fp_line (start 1.65 -0.73) (end 1.65 0.73) (layer F.CrtYd) (width 0.05))
    (fp_line (start -1.65 -0.73) (end 1.65 -0.73) (layer F.CrtYd) (width 0.05))
    (fp_line (start -1.65 0.73) (end -1.65 -0.73) (layer F.CrtYd) (width 0.05))
    (fp_line (start -0.171267 0.51) (end 0.171267 0.51) (layer F.SilkS) (width 0.12))
    (fp_line (start -0.171267 -0.51) (end 0.171267 -0.51) (layer F.SilkS) (width 0.12))
    (fp_line (start 0.8 0.4) (end -0.8 0.4) (layer F.Fab) (width 0.1))
    (fp_line (start 0.8 -0.4) (end 0.8 0.4) (layer F.Fab) (width 0.1))
    (fp_line (start -0.8 -0.4) (end 0.8 -0.4) (layer F.Fab) (width 0.1))
    (fp_line (start -0.8 0.4) (end -0.8 -0.4) (layer F.Fab) (width 0.1))
    (pad 2 smd roundrect (at 0.875 0) (size 1.05 0.95) (layers F.Cu F.Paste F.Mask) (roundrect_rratio 0.25)
      (net 77 "Net-(R8-Pad2)"))
    (pad 1 smd roundrect (at -0.875 0) (size 1.05 0.95) (layers F.Cu F.Paste F.Mask) (roundrect_rratio 0.25)
      (net 3 "Net-(C8-Pad2)"))
    (model ${KISYS3DMOD}/Resistor_SMD.3dshapes/R_0603_1608Metric.wrl
      (at (xyz 0 0 0))
      (scale (xyz 1 1 1))
      (rotate (xyz 0 0 0))
    )
  )

  (module Resistor_SMD:R_0603_1608Metric_Pad1.05x0.95mm_HandSolder (layer F.Cu) (tedit 5B301BBD) (tstamp 5DD3AB54)
    (at 149.493 51.054 180)
    (descr "Resistor SMD 0603 (1608 Metric), square (rectangular) end terminal, IPC_7351 nominal with elongated pad for handsoldering. (Body size source: http://www.tortai-tech.com/upload/download/2011102023233369053.pdf), generated with kicad-footprint-generator")
    (tags "resistor handsolder")
    (path /5DE701D5)
    (attr smd)
    (fp_text reference R16 (at 0 -1.43 180) (layer F.SilkS)
      (effects (font (size 1 1) (thickness 0.15)))
    )
    (fp_text value 330 (at 0 1.43 180) (layer F.Fab)
      (effects (font (size 1 1) (thickness 0.15)))
    )
    (fp_line (start -0.8 0.4) (end -0.8 -0.4) (layer F.Fab) (width 0.1))
    (fp_line (start -0.8 -0.4) (end 0.8 -0.4) (layer F.Fab) (width 0.1))
    (fp_line (start 0.8 -0.4) (end 0.8 0.4) (layer F.Fab) (width 0.1))
    (fp_line (start 0.8 0.4) (end -0.8 0.4) (layer F.Fab) (width 0.1))
    (fp_line (start -0.171267 -0.51) (end 0.171267 -0.51) (layer F.SilkS) (width 0.12))
    (fp_line (start -0.171267 0.51) (end 0.171267 0.51) (layer F.SilkS) (width 0.12))
    (fp_line (start -1.65 0.73) (end -1.65 -0.73) (layer F.CrtYd) (width 0.05))
    (fp_line (start -1.65 -0.73) (end 1.65 -0.73) (layer F.CrtYd) (width 0.05))
    (fp_line (start 1.65 -0.73) (end 1.65 0.73) (layer F.CrtYd) (width 0.05))
    (fp_line (start 1.65 0.73) (end -1.65 0.73) (layer F.CrtYd) (width 0.05))
    (fp_text user %R (at 0 0 180) (layer F.Fab)
      (effects (font (size 0.4 0.4) (thickness 0.06)))
    )
    (pad 1 smd roundrect (at -0.875 0 180) (size 1.05 0.95) (layers F.Cu F.Paste F.Mask) (roundrect_rratio 0.25)
      (net 19 "Net-(J1-Pad9)"))
    (pad 2 smd roundrect (at 0.875 0 180) (size 1.05 0.95) (layers F.Cu F.Paste F.Mask) (roundrect_rratio 0.25)
      (net 1 GND))
    (model ${KISYS3DMOD}/Resistor_SMD.3dshapes/R_0603_1608Metric.wrl
      (at (xyz 0 0 0))
      (scale (xyz 1 1 1))
      (rotate (xyz 0 0 0))
    )
  )

  (module Resistor_SMD:R_0603_1608Metric_Pad1.05x0.95mm_HandSolder (layer F.Cu) (tedit 5B301BBD) (tstamp 5DD3AB24)
    (at 149.493 55.118)
